image: Coex.png
resolution: 0.400000
origin: [-450.585, 19.1263, 0.000000]
negate: 0
occupied_thresh: 0.65
free_thresh: 0.196

