image: Gwanggaeto.png
resolution: 0.300000
origin: [-18.0002, -40.4858, 0.000000]
negate: 0
occupied_thresh: 0.65
free_thresh: 0.196

