image: hankyoungjik.png
resolution: 0.500000
origin: [-58.3456, -20.9548, 0.000000]
negate: 0
occupied_thresh: 0.65
free_thresh: 0.196

