image: Hyungnam11.png
resolution: 0.100000
origin: [58.0837, -84.6472, 0.000000]
negate: 0
occupied_thresh: 0.65
free_thresh: 0.196

