image: Mirae03.png
resolution: 0.500000
origin: [48.7645, 141.482, 0.000000]
negate: 0
occupied_thresh: 0.65
free_thresh: 0.196

