image: navvis.png
resolution: 0.500000
origin: [-23.521973, -137.115036, 0.000000]
negate: 0
occupied_thresh: 0.65
free_thresh: 0.196

